255
0
0
255
16
0
255
32
0
255
48
0
255
64
0
255
80
0
255
96
0
255
112
0
255
128
0
255
144
0
255
160
0
255
176
0
255
192
0
255
208
0
255
224
0
255
240
0
255
255
0
224
255
0
192
255
0
160
255
0
128
255
0
96
255
0
64
255
0
32
255
0
0
255
0
0
255
32
0
255
64
0
255
96
0
255
128
0
255
160
0
255
192
0
255
224
0
130
255
0
114
255
0
104
255
10
96
255
0
82
255
0
74
255
0
64
255
0
32
255
0
0
255
32
0
255
64
0
255
96
0
255
128
0
255
160
0
255
224
0
255
255
0
255
255
32
255
255
64
255
255
96
255
255
128
255
255
160
255
255
192
255
255
224
255
255
255
255
255
224
224
255
255
255
255
160
160
255
128
128
255
96
96
255
64
64
255
32
32
0
0
0